// MilkShape 3D ASCII

Frames: 30
Frame: 1

Meshes: 4
"Box01" 0 -1
0
0
0
"Box02" 0 -1
0
0
0
"Box04" 0 -1
20
0 -35.402294 60.581280 42.997036 0.000000 0.000000 -1
0 -35.402294 -0.081287 42.997036 0.000000 1.000000 -1
0 39.902294 60.581280 42.997036 1.000000 0.000000 -1
0 39.902294 -0.081287 42.997036 1.000000 1.000000 -1
0 39.902294 60.581280 42.997036 0.000000 0.000000 -1
0 39.902294 -0.081287 42.997036 0.000000 1.000000 -1
0 39.902294 60.581280 -41.163700 1.000000 0.000000 -1
0 39.902294 -0.081287 -41.163700 1.000000 1.000000 -1
0 39.902294 60.581280 -41.163700 0.000000 0.000000 -1
0 39.902294 -0.081287 -41.163700 0.000000 1.000000 -1
0 -35.402294 60.581280 -41.163700 1.000000 0.000000 -1
0 -35.402294 -0.081287 -41.163700 1.000000 1.000000 -1
0 -35.402294 60.581280 -41.163700 0.000000 0.000000 -1
0 -35.402294 -0.081287 -41.163700 0.000000 1.000000 -1
0 -35.402294 60.581280 42.997036 1.000000 0.000000 -1
0 -35.402294 -0.081287 42.997036 1.000000 1.000000 -1
0 -35.402294 60.581280 42.997036 0.000000 1.000000 -1
0 39.902294 60.581280 42.997036 1.000000 1.000000 -1
0 -35.402294 -0.081287 42.997036 0.000000 0.000000 -1
0 39.902294 -0.081287 42.997036 1.000000 0.000000 -1
6
0.000000 0.000000 1.000000
1.000000 0.000000 0.000000
0.000000 0.000000 -1.000000
-1.000000 0.000000 0.000000
0.000000 1.000000 0.000000
0.000000 -1.000000 0.000000
12
0 0 1 2 0 0 0 1
0 1 3 2 0 0 0 1
0 4 5 6 1 1 1 2
0 5 7 6 1 1 1 2
0 8 9 10 2 2 2 1
0 9 11 10 2 2 2 1
0 12 13 14 3 3 3 2
0 13 15 14 3 3 3 2
0 12 16 6 4 4 4 3
0 16 17 6 4 4 4 3
0 18 13 19 5 5 5 3
0 13 7 19 5 5 5 3
"Duplicate02" 0 -1
14
0 2.577160 89.537292 0.916668 0.000000 0.000000 -1
0 -45.639275 60.962715 55.659531 0.000000 1.000000 -1
0 2.577160 89.537292 0.916668 1.000000 0.000000 -1
0 48.818291 60.962715 55.659531 1.000000 1.000000 -1
0 48.818291 60.962715 55.659531 0.000000 1.000000 -1
0 48.818291 60.962715 -53.826195 1.000000 1.000000 -1
0 48.818291 60.962715 -53.826195 0.000000 1.000000 -1
0 -45.639275 60.962715 -53.826195 1.000000 1.000000 -1
0 -45.639275 60.962715 -53.826195 0.000000 1.000000 -1
0 -45.639275 60.962715 55.659531 1.000000 1.000000 -1
0 2.577160 89.537292 0.916668 0.000000 1.000000 -1
0 2.577160 89.537292 0.916668 1.000000 1.000000 -1
0 -45.639275 60.962715 55.659531 0.000000 0.000000 -1
0 48.818291 60.962715 55.659531 1.000000 0.000000 -1
6
0.000000 0.000000 0.000000
0.000000 0.886498 0.462733
0.525678 0.850684 0.000000
0.000000 0.886498 -0.462733
-0.509827 0.860277 0.000000
0.000000 -1.000000 0.000000
12
0 0 1 2 0 1 1 1
0 1 3 2 1 1 1 1
0 0 4 2 0 2 2 2
0 4 5 2 2 2 2 2
0 0 6 2 0 3 3 1
0 6 7 2 3 3 3 1
0 0 8 2 0 4 4 2
0 8 9 2 4 4 4 2
0 0 10 2 0 0 0 3
0 10 11 2 0 0 0 3
0 12 8 13 5 5 5 3
0 8 5 13 5 5 5 3

Materials: 0

Bones: 0
